 8 8 12 13 15 17 19 20 22 22 22 22 22 22 22 22 22 22 29 29 29 29 29 29 29 29 29 29 29 29 29 29 22 22 22 22 22 22 22 22 22 29 29 29 29
 8 8 8 12 13 15 17 19 20 22 22 22 22 22 22 22 22 22 29 29 29 29 29 29 29 29 29 29 29 29 29 29 22 22 22 22 22 22 22 22 22 29 29 29 29
12 8 8 8 12 13 15 17 19 20 22 22 22 22 22 22 22 22 29 29 29 29 29 29 29 29 29 29 29 29 29 29 20 20 22 22 22 22 22 22 22 29 29 29 29
13 12 8 8 8 12 13 15 17 19 20 22 22 22 22 22 22 22 29 29 29 29 29 29 29 29 29 29 29 29 29 29 19 19 20 22 22 22 22 22 22 29 29 29 29
15 13 12 8 8 8 12 13 15 17 19 20 22 22 22 22 22 22 29 29 29 29 29 29 29 29 29 29 29 29 29 29 17 17 19 20 22 22 22 22 22 29 29 29 29
17 15 13 12 8 8 8 12 13 15 17 19 20 22 22 22 22 22 29 29 29 29 29 29 29 29 29 29 29 29 29 29 15 15 17 19 20 22 22 22 22 29 29 29 29
19 17 15 13 12 8 8 8 12 13 15 17 19 20 22 22 22 22 29 29 29 29 29 29 29 29 29 29 29 29 29 29 13 13 15 17 19 20 22 22 22 29 29 29 29
20 19 17 15 13 12 8 8 8 12 13 15 17 19 20 22 22 22 29 29 29 29 29 29 29 29 29 29 29 29 29 29 12 12 13 15 17 19 20 22 22 29 29 29 29
22 20 19 17 15 13 12 8 8 8 12 13 15 17 19 20 22 22 29 29 29 29 29 29 29 29 29 29 29 29 29 29 8 8 12 13 15 17 19 20 22 29 29 29 29
22 22 20 19 17 15 13 12 8 8 8 12 13 15 17 19 20 22 29 29 29 29 29 29 29 29 29 29 29 29 29 29 12 12 13 15 17 19 20 22 22 29 29 29 29
22 22 22 20 19 17 15 13 12 8 8 8 12 13 15 17 19 20 27 27 27 27 27 27 27 27 27 27 27 27 27 27 13 13 15 17 19 20 22 22 22 29 29 29 29
22 22 22 22 20 19 17 15 13 12 8 8 8 12 13 15 17 19 26 26 26 26 26 26 26 26 26 26 26 26 26 26 15 15 17 19 20 22 22 22 22 29 29 29 29
22 22 22 22 22 20 19 17 15 13 12 8 8 8 12 13 15 17 24 24 24 24 24 24 24 24 24 24 24 24 24 24 17 17 19 20 22 22 22 22 22 29 29 29 29
22 22 22 22 22 22 20 19 17 15 13 12 8 8 8 12 13 15 22 22 22 22 22 22 22 22 22 22 22 22 22 22 19 19 20 22 22 22 22 22 22 29 29 29 29
22 22 22 22 22 22 22 20 19 17 15 13 12 8 8 8 12 13 20 20 20 20 20 20 20 20 20 20 20 20 20 20 20 20 22 22 22 22 22 22 22 29 29 29 29
22 22 22 22 22 22 22 22 20 19 17 15 13 12 8 8 8 12 19 19 19 19 19 19 19 19 19 19 19 19 19 19 22 22 22 22 22 22 22 22 22 29 29 29 29
22 22 22 22 22 22 22 22 22 20 19 17 15 13 12 8 8 8 15 15 15 15 15 15 15 15 15 15 15 15 15 15 22 22 22 22 22 22 22 22 22 29 29 29 29
22 22 22 22 22 22 22 22 22 22 20 19 17 15 13 12 8 8 7 7 7 7 7 7 7 7 7 7 7 7 7 7 22 22 22 22 22 22 22 22 22 29 29 29 29
29 29 29 29 29 29 29 29 29 29 27 26 24 22 20 19 15 7 7 7 7 7 7 7 7 7 7 7 7 7 7 7 29 29 29 29 29 29 29 29 29 29 29 29 29
29 29 29 29 29 29 29 29 29 29 27 26 24 22 20 19 15 7 7 7 7 7 7 7 7 7 7 7 7 7 7 7 29 29 29 29 29 29 29 29 29 29 29 29 29
29 29 29 29 29 29 29 29 29 29 27 26 24 22 20 19 15 7 7 7 7 7 7 7 7 7 7 7 7 7 7 7 29 29 29 29 29 29 29 29 29 29 29 29 29
29 29 29 29 29 29 29 29 29 29 27 26 24 22 20 19 15 7 7 7 7 7 7 7 7 7 7 7 7 7 7 7 29 29 29 29 29 29 29 29 29 29 29 29 29
29 29 29 29 29 29 29 29 29 29 27 26 24 22 20 19 15 7 7 7 7 7 7 0 0 0 0 0 0 0 0 0 29 29 29 29 29 29 29 29 29 29 29 29 29
29 29 29 29 29 29 29 29 29 29 27 26 24 22 20 19 15 7 7 7 7 7 0 0 0 0 0 0 0 0 0 0 29 29 29 29 29 29 29 29 29 29 29 29 29
29 29 29 29 29 29 29 29 29 29 27 26 24 22 20 19 15 7 7 7 7 7 0 0 0 0 0 0 0 0 0 0 29 29 29 29 29 29 29 29 29 29 29 29 29
29 29 29 29 29 29 29 29 29 29 27 26 24 22 20 19 15 7 7 7 7 7 0 0 0 0 0 0 0 0 0 0 29 29 29 29 29 29 29 29 29 29 29 29 29
29 29 29 29 29 29 29 29 29 29 27 26 24 22 20 19 15 7 7 7 7 7 0 0 0 0 0 0 0 0 0 0 29 29 29 29 29 29 29 29 29 29 29 29 29
29 29 29 29 29 29 29 29 29 29 27 26 24 22 20 19 15 7 7 7 7 7 0 0 0 0 0 0 0 0 0 0 29 29 29 29 29 29 29 29 29 29 29 29 29
29 29 29 29 29 29 29 29 29 29 27 26 24 22 20 19 15 7 7 7 7 7 0 0 0 0 0 0 0 0 0 0 29 29 29 29 29 29 29 29 29 29 29 29 29
29 29 29 29 29 29 29 29 29 29 27 26 24 22 20 19 15 7 7 7 7 7 0 0 0 0 0 0 0 0 0 0 29 29 29 29 29 29 29 29 29 29 29 29 29
29 29 29 29 29 29 29 29 29 29 27 26 24 22 20 19 15 7 7 7 7 7 0 0 0 0 0 0 0 0 0 0 29 29 29 29 29 29 29 29 29 29 29 29 29
29 29 29 29 29 29 29 29 29 29 27 26 24 22 20 19 15 7 7 7 7 7 0 0 0 0 0 0 0 0 0 0 29 29 29 29 29 29 29 29 29 29 29 29 29
22 22 20 19 17 15 13 12 8 12 13 15 17 19 20 22 22 22 29 29 29 29 29 29 29 29 29 29 29 29 29 29 8 12 13 15 17 19 20 22 22 29 29 29 29
22 22 20 19 17 15 13 12 8 12 13 15 17 19 20 22 22 22 29 29 29 29 29 29 29 29 29 29 29 29 29 29 12 8 8 12 13 15 17 19 20 27 27 27 27
22 22 22 20 19 17 15 13 12 13 15 17 19 20 22 22 22 22 29 29 29 29 29 29 29 29 29 29 29 29 29 29 13 8 8 8 12 13 15 17 19 26 26 26 26
22 22 22 22 20 19 17 15 13 15 17 19 20 22 22 22 22 22 29 29 29 29 29 29 29 29 29 29 29 29 29 29 15 12 8 8 8 12 13 15 17 24 24 24 24
22 22 22 22 22 20 19 17 15 17 19 20 22 22 22 22 22 22 29 29 29 29 29 29 29 29 29 29 29 29 29 29 17 13 12 8 8 8 12 13 15 22 22 22 22
22 22 22 22 22 22 20 19 17 19 20 22 22 22 22 22 22 22 29 29 29 29 29 29 29 29 29 29 29 29 29 29 19 15 13 12 8 8 8 12 13 20 20 20 20
22 22 22 22 22 22 22 20 19 20 22 22 22 22 22 22 22 22 29 29 29 29 29 29 29 29 29 29 29 29 29 29 20 17 15 13 12 8 8 8 8 15 15 15 15
22 22 22 22 22 22 22 22 20 22 22 22 22 22 22 22 22 22 29 29 29 29 29 29 29 29 29 29 29 29 29 29 22 19 17 15 13 12 8 8 8 15 15 15 15
22 22 22 22 22 22 22 22 22 22 22 22 22 22 22 22 22 22 29 29 29 29 29 29 29 29 29 29 29 29 29 29 22 20 19 17 15 13 8 8 8 7 7 7 7
29 29 29 29 29 29 29 29 29 29 29 29 29 29 29 29 29 29 29 29 29 29 29 29 29 29 29 29 29 29 29 29 29 27 26 24 22 20 15 15 7 7 7 7 7
29 29 29 29 29 29 29 29 29 29 29 29 29 29 29 29 29 29 29 29 29 29 29 29 29 29 29 29 29 29 29 29 29 27 26 24 22 20 15 15 7 7 7 7 7
29 29 29 29 29 29 29 29 29 29 29 29 29 29 29 29 29 29 29 29 29 29 29 29 29 29 29 29 29 29 29 29 29 27 26 24 22 20 15 15 7 7 7 7 7
29 29 29 29 29 29 29 29 29 29 29 29 29 29 29 29 29 29 29 29 29 29 29 29 29 29 29 29 29 29 29 29 29 27 26 24 22 20 15 15 7 7 7 7 7