15 15 22 25 29 32 36 39 43 43 43 43 43 43 43 43 43 43 58 58 58 58 58 58 58 58 58 58 58 58 58 58 43 43 43 43 43 43 43 43 43 58 58 58 58
15 15 15 22 25 29 32 36 39 43 43 43 43 43 43 43 43 43 58 58 58 58 58 58 58 58 58 58 58 58 58 58 43 43 43 43 43 43 43 43 43 58 58 58 58
22 15 15 15 22 25 29 32 36 39 43 43 43 43 43 43 43 43 58 58 58 58 58 58 58 58 58 58 58 58 58 58 39 39 43 43 43 43 43 43 43 58 58 58 58
25 22 15 15 15 22 25 29 32 36 39 43 43 43 43 43 43 43 58 58 58 58 58 58 58 58 58 58 58 58 58 58 36 36 39 43 43 43 43 43 43 58 58 58 58
29 25 22 15 15 15 22 25 29 32 36 39 43 43 43 43 43 43 58 58 58 58 58 58 58 58 58 58 58 58 58 58 32 32 36 39 43 43 43 43 43 58 58 58 58
32 29 25 22 15 15 15 22 25 29 32 36 39 43 43 43 43 43 58 58 58 58 58 58 58 58 58 58 58 58 58 58 29 29 32 36 39 43 43 43 43 58 58 58 58
36 32 29 25 22 15 15 15 22 25 29 32 36 39 43 43 43 43 58 58 58 58 58 58 58 58 58 58 58 58 58 58 25 25 29 32 36 39 43 43 43 58 58 58 58
39 36 32 29 25 22 15 15 15 22 25 29 32 36 39 43 43 43 58 58 58 58 58 58 58 58 58 58 58 58 58 58 22 22 25 29 32 36 39 43 43 58 58 58 58
43 39 36 32 29 25 22 15 15 15 22 25 29 32 36 39 43 43 58 58 58 58 58 58 58 58 58 58 58 58 58 58 15 15 22 25 29 32 36 39 43 58 58 58 58
43 43 39 36 32 29 25 22 15 15 15 22 25 29 32 36 39 43 58 58 58 58 58 58 58 58 58 58 58 58 58 58 22 22 25 29 32 36 39 43 43 58 58 58 58
43 43 43 39 36 32 29 25 22 15 15 15 22 25 29 32 36 39 54 54 54 54 54 54 54 54 54 54 54 54 54 54 25 25 29 32 36 39 43 43 43 58 58 58 58
43 43 43 43 39 36 32 29 25 22 15 15 15 22 25 29 32 36 51 51 51 51 51 51 51 51 51 51 51 51 51 51 29 29 32 36 39 43 43 43 43 58 58 58 58
43 43 43 43 43 39 36 32 29 25 22 15 15 15 22 25 29 32 47 47 47 47 47 47 47 47 47 47 47 47 47 47 32 32 36 39 43 43 43 43 43 58 58 58 58
43 43 43 43 43 43 39 36 32 29 25 22 15 15 15 22 25 29 44 44 44 44 44 44 44 44 44 44 44 44 44 44 36 36 39 43 43 43 43 43 43 58 58 58 58
43 43 43 43 43 43 43 39 36 32 29 25 22 15 15 15 22 25 40 40 40 40 40 40 40 40 40 40 40 40 40 40 39 39 43 43 43 43 43 43 43 58 58 58 58
43 43 43 43 43 43 43 43 39 36 32 29 25 22 15 15 15 22 37 37 37 37 37 37 37 37 37 37 37 37 37 37 43 43 43 43 43 43 43 43 43 58 58 58 58
43 43 43 43 43 43 43 43 43 39 36 32 29 25 22 15 15 15 30 30 30 30 30 30 30 30 30 30 30 30 30 30 43 43 43 43 43 43 43 43 43 58 58 58 58
43 43 43 43 43 43 43 43 43 43 39 36 32 29 25 22 15 15 15 15 15 15 15 15 15 15 15 15 15 15 15 15 43 43 43 43 43 43 43 43 43 58 58 58 58
58 58 58 58 58 58 58 58 58 58 54 51 47 44 40 37 30 15 15 15 15 15 15 15 15 15 15 15 15 15 15 15 58 58 58 58 58 58 58 58 58 58 58 58 58
58 58 58 58 58 58 58 58 58 58 54 51 47 44 40 37 30 15 15 15 15 15 15 15 15 15 15 15 15 15 15 15 58 58 58 58 58 58 58 58 58 58 58 58 58
58 58 58 58 58 58 58 58 58 58 54 51 47 44 40 37 30 15 15 15 15 15 15 15 15 15 15 15 15 15 15 15 58 58 58 58 58 58 58 58 58 58 58 58 58
58 58 58 58 58 58 58 58 58 58 54 51 47 44 40 37 30 15 15 15 15 15 15 15 15 15 15 15 15 15 15 15 58 58 58 58 58 58 58 58 58 58 58 58 58
58 58 58 58 58 58 58 58 58 58 54 51 47 44 40 37 30 15 15 15 15 15 15 0 0 0 0 0 0 0 0 0 58 58 58 58 58 58 58 58 58 58 58 58 58
58 58 58 58 58 58 58 58 58 58 54 51 47 44 40 37 30 15 15 15 15 15 0 0 0 0 0 0 0 0 0 0 58 58 58 58 58 58 58 58 58 58 58 58 58
58 58 58 58 58 58 58 58 58 58 54 51 47 44 40 37 30 15 15 15 15 15 0 0 0 0 0 0 0 0 0 0 58 58 58 58 58 58 58 58 58 58 58 58 58
58 58 58 58 58 58 58 58 58 58 54 51 47 44 40 37 30 15 15 15 15 15 0 0 0 0 0 0 0 0 0 0 58 58 58 58 58 58 58 58 58 58 58 58 58
58 58 58 58 58 58 58 58 58 58 54 51 47 44 40 37 30 15 15 15 15 15 0 0 0 0 0 0 0 0 0 0 58 58 58 58 58 58 58 58 58 58 58 58 58
58 58 58 58 58 58 58 58 58 58 54 51 47 44 40 37 30 15 15 15 15 15 0 0 0 0 0 0 0 0 0 0 58 58 58 58 58 58 58 58 58 58 58 58 58
58 58 58 58 58 58 58 58 58 58 54 51 47 44 40 37 30 15 15 15 15 15 0 0 0 0 0 0 0 0 0 0 58 58 58 58 58 58 58 58 58 58 58 58 58
58 58 58 58 58 58 58 58 58 58 54 51 47 44 40 37 30 15 15 15 15 15 0 0 0 0 0 0 0 0 0 0 58 58 58 58 58 58 58 58 58 58 58 58 58
58 58 58 58 58 58 58 58 58 58 54 51 47 44 40 37 30 15 15 15 15 15 0 0 0 0 0 0 0 0 0 0 58 58 58 58 58 58 58 58 58 58 58 58 58
58 58 58 58 58 58 58 58 58 58 54 51 47 44 40 37 30 15 15 15 15 15 0 0 0 0 0 0 0 0 0 0 58 58 58 58 58 58 58 58 58 58 58 58 58
43 43 39 36 32 29 25 22 15 22 25 29 32 36 39 43 43 43 58 58 58 58 58 58 58 58 58 58 58 58 58 58 15 22 25 29 32 36 39 43 43 58 58 58 58
43 43 39 36 32 29 25 22 15 22 25 29 32 36 39 43 43 43 58 58 58 58 58 58 58 58 58 58 58 58 58 58 22 15 15 22 25 29 32 36 39 54 54 54 54
43 43 43 39 36 32 29 25 22 25 29 32 36 39 43 43 43 43 58 58 58 58 58 58 58 58 58 58 58 58 58 58 25 15 15 15 22 25 29 32 36 51 51 51 51
43 43 43 43 39 36 32 29 25 29 32 36 39 43 43 43 43 43 58 58 58 58 58 58 58 58 58 58 58 58 58 58 29 22 15 15 15 22 25 29 32 47 47 47 47
43 43 43 43 43 39 36 32 29 32 36 39 43 43 43 43 43 43 58 58 58 58 58 58 58 58 58 58 58 58 58 58 32 25 22 15 15 15 22 25 29 44 44 44 44
43 43 43 43 43 43 39 36 32 36 39 43 43 43 43 43 43 43 58 58 58 58 58 58 58 58 58 58 58 58 58 58 36 29 25 22 15 15 15 22 25 40 40 40 40
43 43 43 43 43 43 43 39 36 39 43 43 43 43 43 43 43 43 58 58 58 58 58 58 58 58 58 58 58 58 58 58 39 32 29 25 22 15 15 15 15 30 30 30 30
43 43 43 43 43 43 43 43 39 43 43 43 43 43 43 43 43 43 58 58 58 58 58 58 58 58 58 58 58 58 58 58 43 36 32 29 25 22 15 15 15 30 30 30 30
43 43 43 43 43 43 43 43 43 43 43 43 43 43 43 43 43 43 58 58 58 58 58 58 58 58 58 58 58 58 58 58 43 39 36 32 29 25 15 15 15 15 15 15 15
58 58 58 58 58 58 58 58 58 58 58 58 58 58 58 58 58 58 58 58 58 58 58 58 58 58 58 58 58 58 58 58 58 54 51 47 44 40 30 30 15 15 15 15 15
58 58 58 58 58 58 58 58 58 58 58 58 58 58 58 58 58 58 58 58 58 58 58 58 58 58 58 58 58 58 58 58 58 54 51 47 44 40 30 30 15 15 15 15 15
58 58 58 58 58 58 58 58 58 58 58 58 58 58 58 58 58 58 58 58 58 58 58 58 58 58 58 58 58 58 58 58 58 54 51 47 44 40 30 30 15 15 15 15 15
58 58 58 58 58 58 58 58 58 58 58 58 58 58 58 58 58 58 58 58 58 58 58 58 58 58 58 58 58 58 58 58 58 54 51 47 44 40 30 30 15 15 15 15 15
