15 15 22 25 29 32 36 39 43 43 43 43 43 43 43 43 43 43 53 53 53 53 53 53 53 53 53 53 53 53 53 53 43 43 43 43 43 43 43 43 43 53 53 53 53
15 15 15 22 25 29 32 36 39 43 43 43 43 43 43 43 43 43 53 53 53 53 53 53 53 53 53 53 53 53 53 53 43 43 43 43 43 43 43 43 43 53 53 53 53
22 15 15 15 22 25 29 32 36 39 43 43 43 43 43 43 43 43 53 53 53 53 53 53 53 53 53 53 53 53 53 53 39 39 43 43 43 43 43 43 43 53 53 53 53
25 22 15 15 15 22 25 29 32 36 39 43 43 43 43 43 43 43 53 53 53 53 53 53 53 53 53 53 53 53 53 53 36 36 39 43 43 43 43 43 43 53 53 53 53
29 25 22 15 15 15 22 25 29 32 36 39 43 43 43 43 43 43 53 53 53 53 53 53 53 53 53 53 53 53 53 53 32 32 36 39 43 43 43 43 43 53 53 53 53
32 29 25 22 15 15 15 22 25 29 32 36 39 43 43 43 43 43 53 53 53 53 53 53 53 53 53 53 53 53 53 53 29 29 32 36 39 43 43 43 43 53 53 53 53
36 32 29 25 22 15 15 15 22 25 29 32 36 39 43 43 43 43 53 53 53 53 53 53 53 53 53 53 53 53 53 53 25 25 29 32 36 39 43 43 43 53 53 53 53
39 36 32 29 25 22 15 15 15 22 25 29 32 36 39 43 43 43 53 53 53 53 53 53 53 53 53 53 53 53 53 53 22 22 25 29 32 36 39 43 43 53 53 53 53
43 39 36 32 29 25 22 15 15 15 22 25 29 32 36 39 43 43 53 53 53 53 53 53 53 53 53 53 53 53 53 53 15 15 22 25 29 32 36 39 43 53 53 53 53
43 43 39 36 32 29 25 22 15 15 15 22 25 29 32 36 39 43 53 53 53 53 53 53 53 53 53 53 53 53 53 53 22 22 25 29 32 36 39 43 43 53 53 53 53
43 43 43 39 36 32 29 25 22 15 15 15 22 25 29 32 36 39 49 49 49 49 49 49 49 49 49 49 49 49 49 49 25 25 29 32 36 39 43 43 43 53 53 53 53
43 43 43 43 39 36 32 29 25 22 15 15 15 22 25 29 32 36 46 46 46 46 46 46 46 46 46 46 46 46 46 46 29 29 32 36 39 43 43 43 43 53 53 53 53
43 43 43 43 43 39 36 32 29 25 22 15 15 15 22 25 29 32 42 42 42 42 42 42 42 42 42 42 42 42 42 42 32 32 36 39 43 43 43 43 43 53 53 53 53
43 43 43 43 43 43 39 36 32 29 25 22 15 15 15 22 25 29 39 39 39 39 39 39 39 39 39 39 39 39 39 39 36 36 39 43 43 43 43 43 43 53 53 53 53
43 43 43 43 43 43 43 39 36 32 29 25 22 15 15 15 22 25 35 35 35 35 35 35 35 35 35 35 35 35 35 35 39 39 43 43 43 43 43 43 43 53 53 53 53
43 43 43 43 43 43 43 43 39 36 32 29 25 22 15 15 15 22 32 32 32 32 32 32 32 32 32 32 32 32 32 32 43 43 43 43 43 43 43 43 43 53 53 53 53
43 43 43 43 43 43 43 43 43 39 36 32 29 25 22 15 15 15 25 25 25 25 25 25 25 25 25 25 25 25 25 25 43 43 43 43 43 43 43 43 43 53 53 53 53
43 43 43 43 43 43 43 43 43 43 39 36 32 29 25 22 15 15 10 10 10 10 10 10 10 10 10 10 10 10 10 10 43 43 43 43 43 43 43 43 43 53 53 53 53
53 53 53 53 53 53 53 53 53 53 49 46 42 39 35 32 25 10 10 10 10 10 10 10 10 10 10 10 10 10 10 10 53 53 53 53 53 53 53 53 53 53 53 53 53
53 53 53 53 53 53 53 53 53 53 49 46 42 39 35 32 25 10 10 10 10 10 10 10 10 10 10 10 10 10 10 10 53 53 53 53 53 53 53 53 53 53 53 53 53
53 53 53 53 53 53 53 53 53 53 49 46 42 39 35 32 25 10 10 10 10 10 10 10 10 10 10 10 10 10 10 10 53 53 53 53 53 53 53 53 53 53 53 53 53
53 53 53 53 53 53 53 53 53 53 49 46 42 39 35 32 25 10 10 10 10 10 10 10 10 10 10 10 10 10 10 10 53 53 53 53 53 53 53 53 53 53 53 53 53
53 53 53 53 53 53 53 53 53 53 49 46 42 39 35 32 25 10 10 10 10 10 10 0 0 0 0 0 0 0 0 0 53 53 53 53 53 53 53 53 53 53 53 53 53
53 53 53 53 53 53 53 53 53 53 49 46 42 39 35 32 25 10 10 10 10 10 0 0 0 0 0 0 0 0 0 0 53 53 53 53 53 53 53 53 53 53 53 53 53
53 53 53 53 53 53 53 53 53 53 49 46 42 39 35 32 25 10 10 10 10 10 0 0 0 0 0 0 0 0 0 0 53 53 53 53 53 53 53 53 53 53 53 53 53
53 53 53 53 53 53 53 53 53 53 49 46 42 39 35 32 25 10 10 10 10 10 0 0 0 0 0 0 0 0 0 0 53 53 53 53 53 53 53 53 53 53 53 53 53
53 53 53 53 53 53 53 53 53 53 49 46 42 39 35 32 25 10 10 10 10 10 0 0 0 0 0 0 0 0 0 0 53 53 53 53 53 53 53 53 53 53 53 53 53
53 53 53 53 53 53 53 53 53 53 49 46 42 39 35 32 25 10 10 10 10 10 0 0 0 0 0 0 0 0 0 0 53 53 53 53 53 53 53 53 53 53 53 53 53
53 53 53 53 53 53 53 53 53 53 49 46 42 39 35 32 25 10 10 10 10 10 0 0 0 0 0 0 0 0 0 0 53 53 53 53 53 53 53 53 53 53 53 53 53
53 53 53 53 53 53 53 53 53 53 49 46 42 39 35 32 25 10 10 10 10 10 0 0 0 0 0 0 0 0 0 0 53 53 53 53 53 53 53 53 53 53 53 53 53
53 53 53 53 53 53 53 53 53 53 49 46 42 39 35 32 25 10 10 10 10 10 0 0 0 0 0 0 0 0 0 0 53 53 53 53 53 53 53 53 53 53 53 53 53
53 53 53 53 53 53 53 53 53 53 49 46 42 39 35 32 25 10 10 10 10 10 0 0 0 0 0 0 0 0 0 0 53 53 53 53 53 53 53 53 53 53 53 53 53
43 43 39 36 32 29 25 22 15 22 25 29 32 36 39 43 43 43 53 53 53 53 53 53 53 53 53 53 53 53 53 53 15 22 25 29 32 36 39 43 43 53 53 53 53
43 43 39 36 32 29 25 22 15 22 25 29 32 36 39 43 43 43 53 53 53 53 53 53 53 53 53 53 53 53 53 53 22 15 15 22 25 29 32 36 39 49 49 49 49
43 43 43 39 36 32 29 25 22 25 29 32 36 39 43 43 43 43 53 53 53 53 53 53 53 53 53 53 53 53 53 53 25 15 15 15 22 25 29 32 36 46 46 46 46
43 43 43 43 39 36 32 29 25 29 32 36 39 43 43 43 43 43 53 53 53 53 53 53 53 53 53 53 53 53 53 53 29 22 15 15 15 22 25 29 32 42 42 42 42
43 43 43 43 43 39 36 32 29 32 36 39 43 43 43 43 43 43 53 53 53 53 53 53 53 53 53 53 53 53 53 53 32 25 22 15 15 15 22 25 29 39 39 39 39
43 43 43 43 43 43 39 36 32 36 39 43 43 43 43 43 43 43 53 53 53 53 53 53 53 53 53 53 53 53 53 53 36 29 25 22 15 15 15 22 25 35 35 35 35
43 43 43 43 43 43 43 39 36 39 43 43 43 43 43 43 43 43 53 53 53 53 53 53 53 53 53 53 53 53 53 53 39 32 29 25 22 15 15 15 15 25 25 25 25
43 43 43 43 43 43 43 43 39 43 43 43 43 43 43 43 43 43 53 53 53 53 53 53 53 53 53 53 53 53 53 53 43 36 32 29 25 22 15 15 15 25 25 25 25
43 43 43 43 43 43 43 43 43 43 43 43 43 43 43 43 43 43 53 53 53 53 53 53 53 53 53 53 53 53 53 53 43 39 36 32 29 25 15 15 15 10 10 10 10
53 53 53 53 53 53 53 53 53 53 53 53 53 53 53 53 53 53 53 53 53 53 53 53 53 53 53 53 53 53 53 53 53 49 46 42 39 35 25 25 10 10 10 10 10
53 53 53 53 53 53 53 53 53 53 53 53 53 53 53 53 53 53 53 53 53 53 53 53 53 53 53 53 53 53 53 53 53 49 46 42 39 35 25 25 10 10 10 10 10
53 53 53 53 53 53 53 53 53 53 53 53 53 53 53 53 53 53 53 53 53 53 53 53 53 53 53 53 53 53 53 53 53 49 46 42 39 35 25 25 10 10 10 10 10
53 53 53 53 53 53 53 53 53 53 53 53 53 53 53 53 53 53 53 53 53 53 53 53 53 53 53 53 53 53 53 53 53 49 46 42 39 35 25 25 10 10 10 10 10