0 0 16 23 26 30 33 37 40 44 44 44 44 44 44 44 44 44 44 59 59 59 59 59 59 59 59 59 59 59 59 59 59 44 44 44 44 44 44 44 44 44 59 59 59 59
0 16 16 23 26 30 33 37 40 44 44 44 44 44 44 44 44 44 44 59 59 59 59 59 59 59 59 59 59 59 59 59 59 44 44 44 44 44 44 44 44 44 59 59 59 59
16 16 16 16 23 26 30 33 37 40 44 44 44 44 44 44 44 44 44 59 59 59 59 59 59 59 59 59 59 59 59 59 59 44 44 44 44 44 44 44 44 44 59 59 59 59
23 23 16 16 16 23 26 30 33 37 40 44 44 44 44 44 44 44 44 59 59 59 59 59 59 59 59 59 59 59 59 59 59 40 40 44 44 44 44 44 44 44 59 59 59 59
26 26 23 16 16 16 23 26 30 33 37 40 44 44 44 44 44 44 44 59 59 59 59 59 59 59 59 59 59 59 59 59 59 37 37 40 44 44 44 44 44 44 59 59 59 59
30 30 26 23 16 16 16 23 26 30 33 37 40 44 44 44 44 44 44 59 59 59 59 59 59 59 59 59 59 59 59 59 59 33 33 37 40 44 44 44 44 44 59 59 59 59
33 33 30 26 23 16 16 16 23 26 30 33 37 40 44 44 44 44 44 59 59 59 59 59 59 59 59 59 59 59 59 59 59 30 30 33 37 40 44 44 44 44 59 59 59 59
37 37 33 30 26 23 16 16 16 23 26 30 33 37 40 44 44 44 44 59 59 59 59 59 59 59 59 59 59 59 59 59 59 26 26 30 33 37 40 44 44 44 59 59 59 59
40 40 37 33 30 26 23 16 16 16 23 26 30 33 37 40 44 44 44 59 59 59 59 59 59 59 59 59 59 59 59 59 59 23 23 26 30 33 37 40 44 44 59 59 59 59
44 44 40 37 33 30 26 23 16 16 16 23 26 30 33 37 40 44 44 59 59 59 59 59 59 59 59 59 59 59 59 59 59 16 16 23 26 30 33 37 40 44 59 59 59 59
44 44 44 40 37 33 30 26 23 16 16 16 23 26 30 33 37 40 44 59 59 59 59 59 59 59 59 59 59 59 59 59 59 23 23 26 30 33 37 40 44 44 59 59 59 59
44 44 44 44 40 37 33 30 26 23 16 16 16 23 26 30 33 37 40 55 55 55 55 55 55 55 55 55 55 55 55 55 55 26 26 30 33 37 40 44 44 44 59 59 59 59
44 44 44 44 44 40 37 33 30 26 23 16 16 16 23 26 30 33 37 52 52 52 52 52 52 52 52 52 52 52 52 52 52 30 30 33 37 40 44 44 44 44 59 59 59 59
44 44 44 44 44 44 40 37 33 30 26 23 16 16 16 23 26 30 33 48 48 48 48 48 48 48 48 48 48 48 48 48 48 33 33 37 40 44 44 44 44 44 59 59 59 59
44 44 44 44 44 44 44 40 37 33 30 26 23 16 16 16 23 26 30 45 45 45 45 45 45 45 45 45 45 45 45 45 45 37 37 40 44 44 44 44 44 44 59 59 59 59
44 44 44 44 44 44 44 44 40 37 33 30 26 23 16 16 16 23 26 41 41 41 41 41 41 41 41 41 41 41 41 41 41 40 40 44 44 44 44 44 44 44 59 59 59 59
44 44 44 44 44 44 44 44 44 40 37 33 30 26 23 16 16 16 23 38 38 38 38 38 38 38 38 38 38 38 38 38 38 44 44 44 44 44 44 44 44 44 59 59 59 59
44 44 44 44 44 44 44 44 44 44 40 37 33 30 26 23 16 16 16 31 31 31 31 31 31 31 31 31 31 31 31 31 31 44 44 44 44 44 44 44 44 44 59 59 59 59
44 44 44 44 44 44 44 44 44 44 44 40 37 33 30 26 23 16 16 15 15 15 15 15 15 15 15 15 15 15 15 15 15 44 44 44 44 44 44 44 44 44 59 59 59 59
59 59 59 59 59 59 59 59 59 59 59 55 52 48 45 41 38 31 15 15 15 15 15 15 15 15 15 15 15 15 15 15 15 59 59 59 59 59 59 59 59 59 59 59 59 59
59 59 59 59 59 59 59 59 59 59 59 55 52 48 45 41 38 31 15 15 15 15 15 15 15 15 15 15 15 15 15 15 15 59 59 59 59 59 59 59 59 59 59 59 59 59
59 59 59 59 59 59 59 59 59 59 59 55 52 48 45 41 38 31 15 15 15 15 15 15 15 15 15 15 15 15 15 15 15 59 59 59 59 59 59 59 59 59 59 59 59 59
59 59 59 59 59 59 59 59 59 59 59 55 52 48 45 41 38 31 15 15 15 15 15 15 15 15 15 15 15 15 15 15 15 59 59 59 59 59 59 59 59 59 59 59 59 59
59 59 59 59 59 59 59 59 59 59 59 55 52 48 45 41 38 31 15 15 15 15 15 15 0 0 0 0 0 0 0 0 0 59 59 59 59 59 59 59 59 59 59 59 59 59
59 59 59 59 59 59 59 59 59 59 59 55 52 48 45 41 38 31 15 15 15 15 15 0 0 0 0 0 0 0 0 0 0 59 59 59 59 59 59 59 59 59 59 59 59 59
59 59 59 59 59 59 59 59 59 59 59 55 52 48 45 41 38 31 15 15 15 15 15 0 0 0 0 0 0 0 0 0 0 59 59 59 59 59 59 59 59 59 59 59 59 59
59 59 59 59 59 59 59 59 59 59 59 55 52 48 45 41 38 31 15 15 15 15 15 0 0 0 0 0 0 0 0 0 0 59 59 59 59 59 59 59 59 59 59 59 59 59
59 59 59 59 59 59 59 59 59 59 59 55 52 48 45 41 38 31 15 15 15 15 15 0 0 0 0 0 0 0 0 0 0 59 59 59 59 59 59 59 59 59 59 59 59 59
59 59 59 59 59 59 59 59 59 59 59 55 52 48 45 41 38 31 15 15 15 15 15 0 0 0 0 0 0 0 0 0 0 59 59 59 59 59 59 59 59 59 59 59 59 59
59 59 59 59 59 59 59 59 59 59 59 55 52 48 45 41 38 31 15 15 15 15 15 0 0 0 0 0 0 0 0 0 0 59 59 59 59 59 59 59 59 59 59 59 59 59
59 59 59 59 59 59 59 59 59 59 59 55 52 48 45 41 38 31 15 15 15 15 15 0 0 0 0 0 0 0 0 0 0 59 59 59 59 59 59 59 59 59 59 59 59 59
59 59 59 59 59 59 59 59 59 59 59 55 52 48 45 41 38 31 15 15 15 15 15 0 0 0 0 0 0 0 0 0 0 59 59 59 59 59 59 59 59 59 59 59 59 59
59 59 59 59 59 59 59 59 59 59 59 55 52 48 45 41 38 31 15 15 15 15 15 0 0 0 0 0 0 0 0 0 0 59 59 59 59 59 59 59 59 59 59 59 59 59
44 44 44 40 37 33 30 26 23 16 23 26 30 33 37 40 44 44 44 59 59 59 59 59 59 59 59 59 59 59 59 59 59 16 23 26 30 33 37 40 44 44 59 59 59 59
44 44 44 40 37 33 30 26 23 16 23 26 30 33 37 40 44 44 44 59 59 59 59 59 59 59 59 59 59 59 59 59 59 23 16 16 23 26 30 33 37 40 55 55 55 55
44 44 44 44 40 37 33 30 26 23 26 30 33 37 40 44 44 44 44 59 59 59 59 59 59 59 59 59 59 59 59 59 59 26 16 16 16 23 26 30 33 37 52 52 52 52
44 44 44 44 44 40 37 33 30 26 30 33 37 40 44 44 44 44 44 59 59 59 59 59 59 59 59 59 59 59 59 59 59 30 23 16 16 16 23 26 30 33 48 48 48 48
44 44 44 44 44 44 40 37 33 30 33 37 40 44 44 44 44 44 44 59 59 59 59 59 59 59 59 59 59 59 59 59 59 33 26 23 16 16 16 23 26 30 45 45 45 45
44 44 44 44 44 44 44 40 37 33 37 40 44 44 44 44 44 44 44 59 59 59 59 59 59 59 59 59 59 59 59 59 59 37 30 26 23 16 16 16 23 26 41 41 41 41
44 44 44 44 44 44 44 44 40 37 40 44 44 44 44 44 44 44 44 59 59 59 59 59 59 59 59 59 59 59 59 59 59 40 33 30 26 23 16 16 16 16 31 31 31 31
44 44 44 44 44 44 44 44 44 40 44 44 44 44 44 44 44 44 44 59 59 59 59 59 59 59 59 59 59 59 59 59 59 44 37 33 30 26 23 16 16 16 31 31 31 31
44 44 44 44 44 44 44 44 44 44 44 44 44 44 44 44 44 44 44 59 59 59 59 59 59 59 59 59 59 59 59 59 59 44 40 37 33 30 26 16 16 16 15 15 15 15
59 59 59 59 59 59 59 59 59 59 59 59 59 59 59 59 59 59 59 59 59 59 59 59 59 59 59 59 59 59 59 59 59 59 55 52 48 45 41 31 31 15 15 15 15 15
59 59 59 59 59 59 59 59 59 59 59 59 59 59 59 59 59 59 59 59 59 59 59 59 59 59 59 59 59 59 59 59 59 59 55 52 48 45 41 31 31 15 15 15 15 15
59 59 59 59 59 59 59 59 59 59 59 59 59 59 59 59 59 59 59 59 59 59 59 59 59 59 59 59 59 59 59 59 59 59 55 52 48 45 41 31 31 15 15 15 15 15
59 59 59 59 59 59 59 59 59 59 59 59 59 59 59 59 59 59 59 59 59 59 59 59 59 59 59 59 59 59 59 59 59 59 55 52 48 45 41 31 31 15 15 15 15 15